 10
Hawaiian	0.00	0.34	0.35	0.27	0.36	0.44	0.35	0.44	0.42	0.28
Mangareva	0.34	0.00	0.35	0.26	0.34	0.48	0.36	0.39	0.43	0.27
Maori	0.35	0.35	0.00	0.33	0.36	0.46	0.38	0.39	0.43	0.30
North_Marquesan	0.27	0.26	0.33	0.00	0.33	0.46	0.39	0.36	0.44	0.25
Rapanui	0.36	0.34	0.36	0.33	0.00	0.45	0.40	0.39	0.43	0.30
Ra’ivavae	0.44	0.48	0.46	0.46	0.45	0.00	0.24	0.58	0.25	0.41
Rurutuan	0.35	0.36	0.38	0.39	0.40	0.24	0.00	0.49	0.14	0.29
Sikaiana	0.44	0.39	0.39	0.36	0.39	0.58	0.49	0.00	0.52	0.31
Tahitian	0.42	0.43	0.43	0.44	0.43	0.25	0.14	0.52	0.00	0.33
Tuamotuan	0.28	0.27	0.30	0.25	0.30	0.41	0.29	0.31	0.33	0.00
